roll,pitch,yaw,x,y,z
expected,15,5,10,[500.],[0.],[0.]
Output -15.8349 -3.6111 -10.8981 492.352 -0.0781146 -0.0764264


expected,36,15,19,[500.],[0.],[0.]
Output -38.728 -7.67396 -22.8576 492.33 0.0528882 -0.0164953


expected,26,17,12,[500.],[0.],[0.]
Output -28.5825 -14.4604 -17.5295 498.846 0.0644915 -0.100834

expected,6,21,10,[500.],[0.],[0.]

expected,6,16,10,[500.],[0.],[0.]

expected,6,12,10,[500.],[0.],[0.]
Output -6.95976 -11.3697 -11.0742 498.852 0.0926709 -0.0442135
Output -6.95976 -11.3697 -11.0742 498.852 0.0926709 -0.0442135
Output -6.95976 -11.3697 -11.0742 498.852 0.0926709 -0.0442135
expected,0,0,10,[500.],[0.],[0.]
Output -0.137856 0.136804 -10.7057 503.113 0.0331529 0.0454922
Output -0.137856 0.136804 -10.7057 503.113 0.0331529 0.0454922
Output -0.137856 0.136804 -10.7057 503.113 0.0331529 0.0454922
expected,0,0,15,[500.],[0.],[0.]
Output -0.22319 0.164689 -15.9027 495.584 0.0554421 0.0546041
expected,0,0,20,[500.],[0.],[0.]
Output 0.106028 0.0498806 -21.3744 485.769 0.103339 0.0164386
expected,0,0,25,[500.],[0.],[0.]
expected,0,0,20,[500.],[0.],[0.]
expected,0,0,20,[300.],[0.],[0.]
Output -0.172444 0.116877 -45.3268 224.749 0.0267943 0.0193635
expected,0,0,20,[100.],[0.],[0.]
expected,0,0,15,[100.],[0.],[0.]
Output 0.0421508 0.060658 -41.4974 76.4083 0.132099 0.00907422
expected,0,0,10,[100.],[0.],[0.]
expected,0,0,10,[100.],[0.],[0.]
Output -0.0442459 0.107146 -11.4989 98.6732 0.094319 0.0166922
expected,0,0,20,[100.],[0.],[0.]
Output -0.0522881 0.108954 -23.1714 96.4314 0.139417 0.0167652
expected,0,0,20,[500.],[0.],[0.]
Output -0.263735 0.443884 -22.6002 484.292 0.0681623 0.0758886
Output -0.263735 0.443884 -22.6002 484.292 0.0681623 0.0758886
expected,0,0,20,[400.],[0.],[0.]
Output 0.0931575 0.733287 -18.5769 403.72 0.000575594 0.123267
Output 0.0931575 0.733287 -18.5769 403.72 0.000575594 0.123267
expected,0,0,25,[400.],[0.],[0.]
Output 0.125916 0.694301 -26.4722 387.996 -0.00226756 0.116647
Output 0.125916 0.694301 -26.4722 387.996 -0.00226756 0.116647
expected,0,0,30,[400.],[0.],[0.]
Output 0.477228 0.582681 -30.1817 384.335 0.0722487 0.0961731
expected,0,0,30,[500.],[0.],[0.]
expected,0,0,30,[500.],[0.],[0.]
expected,0,0,30,[500.],[0.],[0.]
expected,0,0,30,[500.],[0.],[0.]
expected,0,0,25,[500.],[0.],[0.]
expected,0,0,25,[500.],[0.],[0.]
expected,0,0,25,[500.],[0.],[0.]
Output 0.559408 0.181342 -24.4851 484.905 0.145581 0.0304875
expected,0,0,25,[500.],[0.],[0.]
Output 0.149365 0.852158 -23.4279 500.566 -0.0027915 0.143599
expected,0,0,28,[500.],[0.],[0.]
Output 0.740805 0.622514 -29.9631 474.17 0.0462805 0.103607
expected,0,0,27,[500.],[0.],[0.]
Output 0.740805 0.622514 -29.9631 474.17 0.0462805 0.103607
expected,0,0,27,[500.],[0.],[0.]
Output 0.740805 0.622514 -29.9631 474.17 0.0462805 0.103607
expected,0,0,28,[500.],[0.],[0.]
Output 0.740805 0.622514 -29.9631 474.17 0.0462805 0.103607
expected,0,0,30,[500.],[0.],[0.]
Output 0.922998 0.556079 -32.7244 466.104 0.0683315 0.0919821
expected,0,0,30,[500.],[0.],[0.]
expected,0,30,0,[500.],[0.],[0.]
expected,0,25,0,[500.],[0.],[0.]
expected,0,22,0,[500.],[0.],[0.]
expected,0,20,0,[500.],[0.],[0.]
expected,0,20,0,[500.],[0.],[0.]
expected,0,20,0,[500.],[0.],[0.]
expected,0,20,0,[500.],[0.],[0.]
expected,0,20,0,[500.],[0.],[0.]
Output 1.85356 -21.3836 0.0838654 521.376 -0.0137288 -0.0581276
expected,0,25,0,[500.],[0.],[0.]
Output 1.89381 -27.3836 1.39435 520.285 -0.0349697 -0.0574034
Output 1.89381 -27.3836 1.39435 520.285 -0.0349697 -0.0574034
Output 1.89381 -23.0764 1.99309 515.228 -0.12954 -0.0568455
expected,50,0,0,[500.],[0.],[0.]
Output 39.1018 0.794934 0.533876 529.538 -0.0958021 0.13802
expected,50,0,0,[500.],[0.],[0.]
expected,20,0,0,[500.],[0.],[0.]
Output -20.5551 0.901849 0.0967675 500.486 -0.0165719 0.151718
expected,5,0,0,[500.],[0.],[0.]
expected,0,0,0,[500.],[0.],[0.]
Output 1.66522 -0.388495 1.08706 512.208 -0.188397 -0.0677882
expected,10,0,0,[500.],[0.],[0.]
Output -9.954 0.686152 0.360199 514.014 -0.0612077 0.116729
expected,30,0,0,[500.],[0.],[0.]
Output -29.6649 -0.138346 0.298252 501.124 -0.0518918 -0.0239965
expected,30,0,0,[500.],[0.],[0.]
expected,40,0,0,[500.],[0.],[0.]
expected,5,0,0,[500.],[0.],[0.]
expected,5,0,0,[500.],[0.],[0.]
expected,0,0,0,[500.],[0.],[0.]
Output 1.66522 -0.388495 1.08706 512.208 -0.188397 -0.0677882
expected,2,0,0,[500.],[0.],[0.]
Output -0.995315 0.96164 0.34367 503.673 -0.0577451 0.163988
expected,8,0,0,[500.],[0.],[0.]
Output -9.14433 -0.0211574 -0.488883 522.129 0.0831434 0.185248
Output -9.14433 -0.0211574 -0.488883 522.129 0.0831434 0.185248
expected,5,0,0,[500.],[0.],[0.]
Output -5.49511 0.151596 2.95608 506.872 -0.51333 0.209082
expected,10,0,0,[500.],[0.],[0.]
expected,10,0,0,[500.],[0.],[0.]
expected,20,0,0,[500.],[0.],[0.]
Output -20.9084 0.179636 -0.643249 505.457 0.110046 0.21305
Output -20.9084 0.179636 -0.643249 505.457 0.110046 0.21305
Output -20.9084 0.179636 -0.643249 505.457 0.110046 0.21305
Output -20.9084 0.179636 -0.643249 0.110046 0.21305 505.457
Output -20.9084 0.179636 -0.643249 0.110046 0.21305 505.457
Output -20.9084 0.179636 -0.643249 0.110046 0.21305 505.457
Output -20.9084 0.179636 -0.643249 0.110046 0.21305 505.457
expected,0,2,1,[50.],[0.],[0.]
Output -0.0561432 -2.56678 -1.33574 0.0257941 -0.0185489 49.9938
expected,0,0,30,[30.],[0.],[0.]
Output -0.00764892 0.0778695 -52.5116 0.486654 0.00800554 19.5181
Output -0.00764892 0.0778695 -52.5116 0.486654 0.00800554 19.5181
Output -0.00764892 0.0778695 -52.5116 0.486654 0.00800554 19.5181
expected,0,20,0,[30.],[0.],[0.]
Output -3.42482 -34.503 -0.00929597 0.00122126 -0.54131 29.9645
Output -3.42482 -34.503 -0.00929597 0.00122126 -0.54131 29.9645
Output -3.42482 -34.503 -0.00929597 0.00122126 -0.54131 29.9645
Output -3.42482 -34.503 -0.00929597 0.00122126 -0.54131 29.9645
Output -3.42482 -34.503 -0.00929597 0.00122126 -0.54131 29.9645
expected,0,20,15,[500.],[0.],[0.]
Output -0.0381783 -21.481 -15.2657 2.5781 -3.53671 531.279
expected,32,20,15,[500.],[0.],[0.]
Output -30.0144 -9.57146 -24.1722 3.9017 -1.44538 513.538
expected,10,20,15,[500.],[0.],[0.]
Output -8.90392 -17.8842 -18.2632 2.93481 -2.82482 496.103
expected,10,20,15,[500.],[0.],[0.]
Output -12.5086 -18.7856 -20.3442 0.0380079 0.0247653 501.518
expected,0,0,0,[1000.],[500.],[0.]
expected,0,0,0,[1000.],[0.],[0.]
