expected,20,0,0,[500.],[0.],[0.]
expected,5,0,0,[500.],[0.],[0.]
expected,3.0,0.0,0.0,[0.],[0.],[100.]
expected,3.0,0.0,0.0,[0.],[0.],[150.]
expected,3.0,0.0,0.0,[0.],[0.],[200.]
expected,3.0,0.0,0.0,[0.],[0.],[300.]
expected,3.0,0.0,0.0,[0.],[0.],[400.]
expected,3.0,0.0,0.0,[0.],[0.],[500.]
expected,0,20,0,[200.],[0.],[0.]
expected,0,20,0,[200.],[0.],[0.]
expected,0,20,0,[500.],[0.],[0.]
expected,0,20,15,[500.],[0.],[0.]
expected,0,0,0,[30.],[0.],[0.]
expected,0,0,0,[50.],[0.],[0.]
expected,0,0,0,[70.],[0.],[0.]
expected,0,0,0,[90.],[0.],[0.]
expected,0,0,5,[30.],[0.],[0.]
expected,0,0,5,[50.],[0.],[0.]
expected,0,0,5,[70.],[0.],[0.]
expected,0,0,5,[90.],[0.],[0.]
expected,0,0,10,[30.],[0.],[0.]
expected,0,0,10,[50.],[0.],[0.]
expected,0,0,10,[70.],[0.],[0.]
expected,0,0,10,[90.],[0.],[0.]
expected,0,0,15,[30.],[0.],[0.]
expected,0,0,15,[50.],[0.],[0.]
expected,0,0,15,[70.],[0.],[0.]
expected,0,0,15,[90.],[0.],[0.]
expected,0,5,0,[30.],[0.],[0.]
expected,0,5,0,[50.],[0.],[0.]
expected,0,5,0,[70.],[0.],[0.]
expected,0,5,0,[90.],[0.],[0.]
expected,0,5,5,[30.],[0.],[0.]
expected,0,5,5,[50.],[0.],[0.]
expected,0,5,5,[70.],[0.],[0.]
expected,0,5,5,[90.],[0.],[0.]
expected,0,5,10,[30.],[0.],[0.]
expected,0,5,10,[50.],[0.],[0.]
expected,0,5,10,[70.],[0.],[0.]
expected,0,5,10,[90.],[0.],[0.]
expected,0,5,15,[30.],[0.],[0.]
expected,0,5,15,[50.],[0.],[0.]
expected,0,5,15,[70.],[0.],[0.]
expected,0,5,15,[90.],[0.],[0.]
expected,0,10,0,[30.],[0.],[0.]
expected,0,10,0,[50.],[0.],[0.]
expected,0,10,0,[70.],[0.],[0.]
expected,0,10,0,[90.],[0.],[0.]
expected,0,10,5,[30.],[0.],[0.]
expected,0,10,5,[50.],[0.],[0.]
expected,0,10,5,[70.],[0.],[0.]
expected,0,10,5,[90.],[0.],[0.]
expected,0,10,10,[30.],[0.],[0.]
expected,0,10,10,[50.],[0.],[0.]
expected,0,10,10,[70.],[0.],[0.]
expected,0,10,10,[90.],[0.],[0.]
expected,0,10,15,[30.],[0.],[0.]
expected,0,10,15,[50.],[0.],[0.]
expected,0,10,15,[70.],[0.],[0.]
expected,0,10,15,[90.],[0.],[0.]
expected,0,15,0,[30.],[0.],[0.]
expected,0,15,0,[50.],[0.],[0.]
expected,0,15,0,[70.],[0.],[0.]
expected,0,15,0,[90.],[0.],[0.]
expected,0,15,5,[30.],[0.],[0.]
expected,0,15,5,[50.],[0.],[0.]
expected,0,15,5,[70.],[0.],[0.]
expected,0,15,5,[90.],[0.],[0.]
expected,0,15,10,[30.],[0.],[0.]
expected,0,15,10,[50.],[0.],[0.]
expected,0,15,10,[70.],[0.],[0.]
expected,0,15,10,[90.],[0.],[0.]
expected,0,15,15,[30.],[0.],[0.]
expected,0,15,15,[50.],[0.],[0.]
expected,0,15,15,[70.],[0.],[0.]
expected,0,15,15,[90.],[0.],[0.]
expected,5,0,0,[30.],[0.],[0.]
expected,5,0,0,[50.],[0.],[0.]
expected,5,0,0,[70.],[0.],[0.]
expected,5,0,0,[90.],[0.],[0.]
expected,5,0,5,[30.],[0.],[0.]
expected,5,0,5,[50.],[0.],[0.]
expected,5,0,5,[70.],[0.],[0.]
expected,5,0,5,[90.],[0.],[0.]
expected,5,0,10,[30.],[0.],[0.]
expected,5,0,10,[50.],[0.],[0.]
expected,5,0,10,[70.],[0.],[0.]
expected,5,0,10,[90.],[0.],[0.]
expected,5,0,15,[30.],[0.],[0.]
expected,5,0,15,[50.],[0.],[0.]
expected,5,0,15,[70.],[0.],[0.]
expected,5,0,15,[90.],[0.],[0.]
expected,5,5,0,[30.],[0.],[0.]
expected,5,5,0,[50.],[0.],[0.]
expected,5,5,0,[70.],[0.],[0.]
expected,5,5,0,[90.],[0.],[0.]
expected,5,5,5,[30.],[0.],[0.]
expected,5,5,5,[50.],[0.],[0.]
expected,5,5,5,[70.],[0.],[0.]
expected,5,5,5,[90.],[0.],[0.]
expected,5,5,10,[30.],[0.],[0.]
expected,5,5,10,[50.],[0.],[0.]
expected,5,5,10,[70.],[0.],[0.]
expected,5,5,10,[90.],[0.],[0.]
expected,5,5,15,[30.],[0.],[0.]
expected,5,5,15,[50.],[0.],[0.]
expected,5,5,15,[70.],[0.],[0.]
expected,5,5,15,[90.],[0.],[0.]
expected,5,10,0,[30.],[0.],[0.]
expected,5,10,0,[50.],[0.],[0.]
expected,5,10,0,[70.],[0.],[0.]
expected,5,10,0,[90.],[0.],[0.]
expected,5,10,5,[30.],[0.],[0.]
expected,5,10,5,[50.],[0.],[0.]
expected,5,10,5,[70.],[0.],[0.]
expected,5,10,5,[90.],[0.],[0.]
expected,5,10,10,[30.],[0.],[0.]
expected,5,10,10,[50.],[0.],[0.]
expected,5,10,10,[70.],[0.],[0.]
expected,5,10,10,[90.],[0.],[0.]
expected,5,10,15,[30.],[0.],[0.]
expected,5,10,15,[50.],[0.],[0.]
expected,5,10,15,[70.],[0.],[0.]
expected,5,10,15,[90.],[0.],[0.]
expected,5,15,0,[30.],[0.],[0.]
expected,5,15,0,[50.],[0.],[0.]
expected,5,15,0,[70.],[0.],[0.]
expected,5,15,0,[90.],[0.],[0.]
expected,5,15,5,[30.],[0.],[0.]
expected,5,15,5,[50.],[0.],[0.]
expected,5,15,5,[70.],[0.],[0.]
expected,5,15,5,[90.],[0.],[0.]
expected,5,15,10,[30.],[0.],[0.]
expected,5,15,10,[50.],[0.],[0.]
expected,5,15,10,[70.],[0.],[0.]
expected,5,15,10,[90.],[0.],[0.]
expected,5,15,15,[30.],[0.],[0.]
expected,5,15,15,[50.],[0.],[0.]
expected,5,15,15,[70.],[0.],[0.]
expected,5,15,15,[90.],[0.],[0.]
expected,15,0,0,[30.],[0.],[0.]
expected,15,0,0,[50.],[0.],[0.]
expected,15,0,0,[70.],[0.],[0.]
expected,15,0,0,[90.],[0.],[0.]
expected,15,0,5,[30.],[0.],[0.]
expected,15,0,5,[50.],[0.],[0.]
expected,15,0,5,[70.],[0.],[0.]
expected,15,0,5,[90.],[0.],[0.]
expected,15,0,10,[30.],[0.],[0.]
expected,15,0,10,[50.],[0.],[0.]
expected,15,0,10,[70.],[0.],[0.]
expected,15,0,10,[90.],[0.],[0.]
expected,15,0,15,[30.],[0.],[0.]
expected,15,0,15,[50.],[0.],[0.]
expected,15,0,15,[70.],[0.],[0.]
expected,15,0,15,[90.],[0.],[0.]
expected,15,5,0,[30.],[0.],[0.]
expected,15,5,0,[50.],[0.],[0.]
expected,15,5,0,[70.],[0.],[0.]
expected,15,5,0,[90.],[0.],[0.]
expected,15,5,5,[30.],[0.],[0.]
expected,15,5,5,[50.],[0.],[0.]
expected,15,5,5,[70.],[0.],[0.]
expected,15,5,5,[90.],[0.],[0.]
expected,15,5,10,[30.],[0.],[0.]
expected,15,5,10,[50.],[0.],[0.]
expected,15,5,10,[70.],[0.],[0.]
expected,15,5,10,[90.],[0.],[0.]
expected,15,5,15,[30.],[0.],[0.]
expected,15,5,15,[50.],[0.],[0.]
expected,15,5,15,[70.],[0.],[0.]
expected,15,5,15,[90.],[0.],[0.]
expected,15,10,0,[30.],[0.],[0.]
expected,15,10,0,[50.],[0.],[0.]
expected,15,10,0,[70.],[0.],[0.]
expected,15,10,0,[90.],[0.],[0.]
expected,15,10,5,[30.],[0.],[0.]
expected,15,10,5,[50.],[0.],[0.]
expected,15,10,5,[70.],[0.],[0.]
expected,15,10,5,[90.],[0.],[0.]
expected,15,10,10,[30.],[0.],[0.]
expected,15,10,10,[50.],[0.],[0.]
expected,15,10,10,[70.],[0.],[0.]
expected,15,10,10,[90.],[0.],[0.]
expected,15,10,15,[30.],[0.],[0.]
expected,15,10,15,[50.],[0.],[0.]
expected,15,10,15,[70.],[0.],[0.]
expected,15,10,15,[90.],[0.],[0.]
expected,15,15,0,[30.],[0.],[0.]
expected,15,15,0,[50.],[0.],[0.]
expected,15,15,0,[70.],[0.],[0.]
expected,15,15,0,[90.],[0.],[0.]
expected,15,15,5,[30.],[0.],[0.]
expected,15,15,5,[50.],[0.],[0.]
expected,15,15,5,[70.],[0.],[0.]
expected,15,15,5,[90.],[0.],[0.]
expected,15,15,10,[30.],[0.],[0.]
expected,15,15,10,[50.],[0.],[0.]
expected,15,15,10,[70.],[0.],[0.]
expected,15,15,10,[90.],[0.],[0.]
expected,15,15,15,[30.],[0.],[0.]
expected,15,15,15,[50.],[0.],[0.]
expected,15,15,15,[70.],[0.],[0.]
expected,15,15,15,[90.],[0.],[0.]
expected,25,0,0,[30.],[0.],[0.]
expected,25,0,0,[50.],[0.],[0.]
expected,25,0,0,[70.],[0.],[0.]
expected,25,0,0,[90.],[0.],[0.]
expected,25,0,5,[30.],[0.],[0.]
expected,25,0,5,[50.],[0.],[0.]
expected,25,0,5,[70.],[0.],[0.]
expected,25,0,5,[90.],[0.],[0.]
expected,25,0,10,[30.],[0.],[0.]
expected,25,0,10,[50.],[0.],[0.]
expected,25,0,10,[70.],[0.],[0.]
expected,25,0,10,[90.],[0.],[0.]
expected,25,0,15,[30.],[0.],[0.]
expected,25,0,15,[50.],[0.],[0.]
expected,25,0,15,[70.],[0.],[0.]
expected,25,0,15,[90.],[0.],[0.]
expected,25,5,0,[30.],[0.],[0.]
expected,25,5,0,[50.],[0.],[0.]
expected,25,5,0,[70.],[0.],[0.]
expected,25,5,0,[90.],[0.],[0.]
expected,25,5,5,[30.],[0.],[0.]
expected,25,5,5,[50.],[0.],[0.]
expected,25,5,5,[70.],[0.],[0.]
expected,25,5,5,[90.],[0.],[0.]
expected,25,5,10,[30.],[0.],[0.]
expected,25,5,10,[50.],[0.],[0.]
expected,25,5,10,[70.],[0.],[0.]
expected,25,5,10,[90.],[0.],[0.]
expected,25,5,15,[30.],[0.],[0.]
expected,25,5,15,[50.],[0.],[0.]
expected,25,5,15,[70.],[0.],[0.]
expected,25,5,15,[90.],[0.],[0.]
expected,25,10,0,[30.],[0.],[0.]
expected,25,10,0,[50.],[0.],[0.]
expected,25,10,0,[70.],[0.],[0.]
expected,25,10,0,[90.],[0.],[0.]
expected,25,10,5,[30.],[0.],[0.]
expected,25,10,5,[50.],[0.],[0.]
expected,25,10,5,[70.],[0.],[0.]
expected,25,10,5,[90.],[0.],[0.]
expected,25,10,10,[30.],[0.],[0.]
expected,25,10,10,[50.],[0.],[0.]
expected,25,10,10,[70.],[0.],[0.]
expected,25,10,10,[90.],[0.],[0.]
expected,25,10,15,[30.],[0.],[0.]
expected,25,10,15,[50.],[0.],[0.]
expected,25,10,15,[70.],[0.],[0.]
expected,25,10,15,[90.],[0.],[0.]
expected,25,15,0,[30.],[0.],[0.]
expected,25,15,0,[50.],[0.],[0.]
expected,25,15,0,[70.],[0.],[0.]
expected,25,15,0,[90.],[0.],[0.]
expected,25,15,5,[30.],[0.],[0.]
expected,25,15,5,[50.],[0.],[0.]
expected,25,15,5,[70.],[0.],[0.]
expected,25,15,5,[90.],[0.],[0.]
expected,25,15,10,[30.],[0.],[0.]
expected,25,15,10,[50.],[0.],[0.]
expected,25,15,10,[70.],[0.],[0.]
expected,25,15,10,[90.],[0.],[0.]
expected,25,15,15,[30.],[0.],[0.]
expected,25,15,15,[50.],[0.],[0.]
expected,25,15,15,[70.],[0.],[0.]
expected,25,15,15,[90.],[0.],[0.]
expected,35,0,0,[30.],[0.],[0.]
expected,35,0,0,[50.],[0.],[0.]
expected,35,0,0,[70.],[0.],[0.]
expected,35,0,0,[90.],[0.],[0.]
expected,35,0,5,[30.],[0.],[0.]
expected,35,0,5,[50.],[0.],[0.]
expected,35,0,5,[70.],[0.],[0.]
expected,35,0,5,[90.],[0.],[0.]
expected,35,0,10,[30.],[0.],[0.]
expected,35,0,10,[50.],[0.],[0.]
expected,35,0,10,[70.],[0.],[0.]
expected,35,0,10,[90.],[0.],[0.]
expected,35,0,15,[30.],[0.],[0.]
expected,35,0,15,[50.],[0.],[0.]
expected,35,0,15,[70.],[0.],[0.]
expected,35,0,15,[90.],[0.],[0.]
expected,35,5,0,[30.],[0.],[0.]
expected,35,5,0,[50.],[0.],[0.]
expected,35,5,0,[70.],[0.],[0.]
expected,35,5,0,[90.],[0.],[0.]
expected,35,5,5,[30.],[0.],[0.]
expected,35,5,5,[50.],[0.],[0.]
expected,35,5,5,[70.],[0.],[0.]
expected,35,5,5,[90.],[0.],[0.]
expected,35,5,10,[30.],[0.],[0.]
expected,35,5,10,[50.],[0.],[0.]
expected,35,5,10,[70.],[0.],[0.]
expected,35,5,10,[90.],[0.],[0.]
expected,35,5,15,[30.],[0.],[0.]
expected,35,5,15,[50.],[0.],[0.]
expected,35,5,15,[70.],[0.],[0.]
expected,35,5,15,[90.],[0.],[0.]
expected,35,10,0,[30.],[0.],[0.]
expected,35,10,0,[50.],[0.],[0.]
expected,35,10,0,[70.],[0.],[0.]
expected,35,10,0,[90.],[0.],[0.]
expected,35,10,5,[30.],[0.],[0.]
expected,35,10,5,[50.],[0.],[0.]
expected,35,10,5,[70.],[0.],[0.]
expected,35,10,5,[90.],[0.],[0.]
expected,35,10,10,[30.],[0.],[0.]
expected,35,10,10,[50.],[0.],[0.]
expected,35,10,10,[70.],[0.],[0.]
expected,35,10,10,[90.],[0.],[0.]
expected,35,10,15,[30.],[0.],[0.]
expected,35,10,15,[50.],[0.],[0.]
expected,35,10,15,[70.],[0.],[0.]
expected,35,10,15,[90.],[0.],[0.]
expected,35,15,0,[30.],[0.],[0.]
expected,35,15,0,[50.],[0.],[0.]
expected,35,15,0,[70.],[0.],[0.]
expected,35,15,0,[90.],[0.],[0.]
expected,35,15,5,[30.],[0.],[0.]
expected,35,15,5,[50.],[0.],[0.]
expected,35,15,5,[70.],[0.],[0.]
expected,35,15,5,[90.],[0.],[0.]
expected,35,15,10,[30.],[0.],[0.]
expected,35,15,10,[50.],[0.],[0.]
expected,35,15,10,[70.],[0.],[0.]
expected,35,15,10,[90.],[0.],[0.]
expected,35,15,15,[30.],[0.],[0.]
expected,35,15,15,[50.],[0.],[0.]
expected,35,15,15,[70.],[0.],[0.]
expected,35,15,15,[90.],[0.],[0.]
expected,0,0,0,[30.],[0.],[0.]
expected,0,0,0,[50.],[0.],[0.]
expected,0,0,0,[70.],[0.],[0.]
expected,0,0,0,[90.],[0.],[0.]
expected,0,0,5,[30.],[0.],[0.]
expected,0,0,5,[50.],[0.],[0.]
expected,0,0,5,[70.],[0.],[0.]
expected,0,0,5,[90.],[0.],[0.]
expected,0,0,10,[30.],[0.],[0.]
expected,0,0,10,[50.],[0.],[0.]
expected,0,0,10,[70.],[0.],[0.]
expected,0,0,10,[90.],[0.],[0.]
expected,0,0,15,[30.],[0.],[0.]
expected,0,0,15,[50.],[0.],[0.]
expected,0,0,15,[70.],[0.],[0.]
expected,0,0,15,[90.],[0.],[0.]
expected,0,5,0,[30.],[0.],[0.]
expected,0,5,0,[50.],[0.],[0.]
expected,0,5,0,[70.],[0.],[0.]
expected,0,5,0,[90.],[0.],[0.]
expected,0,5,5,[30.],[0.],[0.]
expected,0,5,5,[50.],[0.],[0.]
expected,0,5,5,[70.],[0.],[0.]
expected,0,5,5,[90.],[0.],[0.]
expected,0,5,10,[30.],[0.],[0.]
expected,0,5,10,[50.],[0.],[0.]
expected,0,5,10,[70.],[0.],[0.]
expected,0,5,10,[90.],[0.],[0.]
expected,0,5,15,[30.],[0.],[0.]
expected,0,5,15,[50.],[0.],[0.]
expected,0,5,15,[70.],[0.],[0.]
expected,0,5,15,[90.],[0.],[0.]
expected,0,10,0,[30.],[0.],[0.]
expected,0,10,0,[50.],[0.],[0.]
expected,0,10,0,[70.],[0.],[0.]
expected,0,10,0,[90.],[0.],[0.]
expected,0,10,5,[30.],[0.],[0.]
expected,0,10,5,[50.],[0.],[0.]
expected,0,10,5,[70.],[0.],[0.]
expected,0,10,5,[90.],[0.],[0.]
expected,0,10,10,[30.],[0.],[0.]
expected,0,10,10,[50.],[0.],[0.]
expected,0,10,10,[70.],[0.],[0.]
expected,0,10,10,[90.],[0.],[0.]
expected,0,10,15,[30.],[0.],[0.]
expected,0,10,15,[50.],[0.],[0.]
expected,0,10,15,[70.],[0.],[0.]
expected,0,10,15,[90.],[0.],[0.]
expected,0,15,0,[30.],[0.],[0.]
expected,0,15,0,[50.],[0.],[0.]
expected,0,15,0,[70.],[0.],[0.]
expected,0,15,0,[90.],[0.],[0.]
expected,0,15,5,[30.],[0.],[0.]
expected,0,15,5,[50.],[0.],[0.]
expected,0,15,5,[70.],[0.],[0.]
expected,0,15,5,[90.],[0.],[0.]
expected,0,15,10,[30.],[0.],[0.]
expected,0,15,10,[50.],[0.],[0.]
expected,0,15,10,[70.],[0.],[0.]
expected,0,15,10,[90.],[0.],[0.]
expected,0,15,15,[30.],[0.],[0.]
expected,0,15,15,[50.],[0.],[0.]
expected,0,15,15,[70.],[0.],[0.]
expected,0,15,15,[90.],[0.],[0.]
expected,5,0,0,[30.],[0.],[0.]
expected,5,0,0,[50.],[0.],[0.]
expected,5,0,0,[70.],[0.],[0.]
expected,5,0,0,[90.],[0.],[0.]
expected,5,0,5,[30.],[0.],[0.]
expected,5,0,5,[50.],[0.],[0.]
expected,5,0,5,[70.],[0.],[0.]
expected,5,0,5,[90.],[0.],[0.]
expected,5,0,10,[30.],[0.],[0.]
expected,5,0,10,[50.],[0.],[0.]
expected,5,0,10,[70.],[0.],[0.]
expected,5,0,10,[90.],[0.],[0.]
expected,5,0,15,[30.],[0.],[0.]
expected,5,0,15,[50.],[0.],[0.]
expected,5,0,15,[70.],[0.],[0.]
expected,5,0,15,[90.],[0.],[0.]
expected,5,5,0,[30.],[0.],[0.]
expected,5,5,0,[50.],[0.],[0.]
expected,5,5,0,[70.],[0.],[0.]
expected,5,5,0,[90.],[0.],[0.]
expected,5,5,5,[30.],[0.],[0.]
expected,5,5,5,[50.],[0.],[0.]
expected,5,5,5,[70.],[0.],[0.]
expected,5,5,5,[90.],[0.],[0.]
expected,5,5,10,[30.],[0.],[0.]
expected,5,5,10,[50.],[0.],[0.]
expected,5,5,10,[70.],[0.],[0.]
expected,5,5,10,[90.],[0.],[0.]
expected,5,5,15,[30.],[0.],[0.]
expected,5,5,15,[50.],[0.],[0.]
expected,5,5,15,[70.],[0.],[0.]
expected,5,5,15,[90.],[0.],[0.]
expected,5,10,0,[30.],[0.],[0.]
expected,5,10,0,[50.],[0.],[0.]
expected,5,10,0,[70.],[0.],[0.]
expected,5,10,0,[90.],[0.],[0.]
expected,5,10,5,[30.],[0.],[0.]
expected,5,10,5,[50.],[0.],[0.]
expected,5,10,5,[70.],[0.],[0.]
expected,5,10,5,[90.],[0.],[0.]
expected,5,10,10,[30.],[0.],[0.]
expected,5,10,10,[50.],[0.],[0.]
expected,5,10,10,[70.],[0.],[0.]
expected,5,10,10,[90.],[0.],[0.]
expected,5,10,15,[30.],[0.],[0.]
expected,5,10,15,[50.],[0.],[0.]
expected,5,10,15,[70.],[0.],[0.]
expected,5,10,15,[90.],[0.],[0.]
expected,5,15,0,[30.],[0.],[0.]
expected,5,15,0,[50.],[0.],[0.]
expected,5,15,0,[70.],[0.],[0.]
expected,5,15,0,[90.],[0.],[0.]
expected,5,15,5,[30.],[0.],[0.]
expected,5,15,5,[50.],[0.],[0.]
expected,5,15,5,[70.],[0.],[0.]
expected,5,15,5,[90.],[0.],[0.]
expected,5,15,10,[30.],[0.],[0.]
expected,5,15,10,[50.],[0.],[0.]
expected,5,15,10,[70.],[0.],[0.]
expected,5,15,10,[90.],[0.],[0.]
expected,5,15,15,[30.],[0.],[0.]
expected,5,15,15,[50.],[0.],[0.]
expected,5,15,15,[70.],[0.],[0.]
expected,5,15,15,[90.],[0.],[0.]
expected,15,0,0,[30.],[0.],[0.]
expected,15,0,0,[50.],[0.],[0.]
expected,15,0,0,[70.],[0.],[0.]
expected,15,0,0,[90.],[0.],[0.]
expected,15,0,5,[30.],[0.],[0.]
expected,15,0,5,[50.],[0.],[0.]
expected,15,0,5,[70.],[0.],[0.]
expected,15,0,5,[90.],[0.],[0.]
expected,15,0,10,[30.],[0.],[0.]
expected,15,0,10,[50.],[0.],[0.]
expected,15,0,10,[70.],[0.],[0.]
expected,15,0,10,[90.],[0.],[0.]
expected,15,0,15,[30.],[0.],[0.]
expected,15,0,15,[50.],[0.],[0.]
expected,15,0,15,[70.],[0.],[0.]
expected,15,0,15,[90.],[0.],[0.]
expected,15,5,0,[30.],[0.],[0.]
expected,15,5,0,[50.],[0.],[0.]
expected,15,5,0,[70.],[0.],[0.]
expected,15,5,0,[90.],[0.],[0.]
expected,15,5,5,[30.],[0.],[0.]
expected,15,5,5,[50.],[0.],[0.]
expected,15,5,5,[70.],[0.],[0.]
expected,15,5,5,[90.],[0.],[0.]
expected,15,5,10,[30.],[0.],[0.]
expected,15,5,10,[50.],[0.],[0.]
expected,15,5,10,[70.],[0.],[0.]
expected,15,5,10,[90.],[0.],[0.]
expected,15,5,15,[30.],[0.],[0.]
expected,15,5,15,[50.],[0.],[0.]
expected,15,5,15,[70.],[0.],[0.]
expected,15,5,15,[90.],[0.],[0.]
expected,15,10,0,[30.],[0.],[0.]
expected,15,10,0,[50.],[0.],[0.]
expected,15,10,0,[70.],[0.],[0.]
expected,15,10,0,[90.],[0.],[0.]
expected,15,10,5,[30.],[0.],[0.]
expected,15,10,5,[50.],[0.],[0.]
expected,15,10,5,[70.],[0.],[0.]
expected,15,10,5,[90.],[0.],[0.]
expected,15,10,10,[30.],[0.],[0.]
expected,15,10,10,[50.],[0.],[0.]
expected,15,10,10,[70.],[0.],[0.]
expected,15,10,10,[90.],[0.],[0.]
expected,15,10,15,[30.],[0.],[0.]
expected,15,10,15,[50.],[0.],[0.]
expected,15,10,15,[70.],[0.],[0.]
expected,15,10,15,[90.],[0.],[0.]
expected,15,15,0,[30.],[0.],[0.]
expected,15,15,0,[50.],[0.],[0.]
expected,15,15,0,[70.],[0.],[0.]
expected,15,15,0,[90.],[0.],[0.]
expected,15,15,5,[30.],[0.],[0.]
expected,15,15,5,[50.],[0.],[0.]
expected,15,15,5,[70.],[0.],[0.]
expected,15,15,5,[90.],[0.],[0.]
expected,15,15,10,[30.],[0.],[0.]
expected,15,15,10,[50.],[0.],[0.]
expected,15,15,10,[70.],[0.],[0.]
expected,15,15,10,[90.],[0.],[0.]
expected,15,15,15,[30.],[0.],[0.]
expected,15,15,15,[50.],[0.],[0.]
expected,15,15,15,[70.],[0.],[0.]
expected,15,15,15,[90.],[0.],[0.]
expected,25,0,0,[30.],[0.],[0.]
expected,25,0,0,[50.],[0.],[0.]
expected,25,0,0,[70.],[0.],[0.]
expected,25,0,0,[90.],[0.],[0.]
expected,25,0,5,[30.],[0.],[0.]
expected,25,0,5,[50.],[0.],[0.]
expected,25,0,5,[70.],[0.],[0.]
expected,25,0,5,[90.],[0.],[0.]
expected,25,0,10,[30.],[0.],[0.]
expected,25,0,10,[50.],[0.],[0.]
expected,25,0,10,[70.],[0.],[0.]
expected,25,0,10,[90.],[0.],[0.]
expected,25,0,15,[30.],[0.],[0.]
expected,25,0,15,[50.],[0.],[0.]
expected,25,0,15,[70.],[0.],[0.]
expected,25,0,15,[90.],[0.],[0.]
expected,25,5,0,[30.],[0.],[0.]
expected,25,5,0,[50.],[0.],[0.]
expected,25,5,0,[70.],[0.],[0.]
expected,25,5,0,[90.],[0.],[0.]
expected,25,5,5,[30.],[0.],[0.]
expected,25,5,5,[50.],[0.],[0.]
expected,25,5,5,[70.],[0.],[0.]
expected,25,5,5,[90.],[0.],[0.]
expected,25,5,10,[30.],[0.],[0.]
expected,25,5,10,[50.],[0.],[0.]
expected,25,5,10,[70.],[0.],[0.]
expected,25,5,10,[90.],[0.],[0.]
expected,25,5,15,[30.],[0.],[0.]
expected,25,5,15,[50.],[0.],[0.]
expected,25,5,15,[70.],[0.],[0.]
expected,25,5,15,[90.],[0.],[0.]
expected,25,10,0,[30.],[0.],[0.]
expected,25,10,0,[50.],[0.],[0.]
expected,25,10,0,[70.],[0.],[0.]
expected,25,10,0,[90.],[0.],[0.]
expected,25,10,5,[30.],[0.],[0.]
expected,25,10,5,[50.],[0.],[0.]
expected,25,10,5,[70.],[0.],[0.]
expected,25,10,5,[90.],[0.],[0.]
expected,25,10,10,[30.],[0.],[0.]
expected,25,10,10,[50.],[0.],[0.]
expected,25,10,10,[70.],[0.],[0.]
expected,25,10,10,[90.],[0.],[0.]
expected,25,10,15,[30.],[0.],[0.]
expected,25,10,15,[50.],[0.],[0.]
expected,25,10,15,[70.],[0.],[0.]
expected,25,10,15,[90.],[0.],[0.]
expected,25,15,0,[30.],[0.],[0.]
expected,25,15,0,[50.],[0.],[0.]
expected,25,15,0,[70.],[0.],[0.]
expected,25,15,0,[90.],[0.],[0.]
expected,25,15,5,[30.],[0.],[0.]
expected,25,15,5,[50.],[0.],[0.]
expected,25,15,5,[70.],[0.],[0.]
expected,25,15,5,[90.],[0.],[0.]
expected,25,15,10,[30.],[0.],[0.]
expected,25,15,10,[50.],[0.],[0.]
expected,25,15,10,[70.],[0.],[0.]
expected,25,15,10,[90.],[0.],[0.]
expected,25,15,15,[30.],[0.],[0.]
expected,25,15,15,[50.],[0.],[0.]
expected,25,15,15,[70.],[0.],[0.]
expected,0.1,0.4,5,[100.],[0.],[0.]
expected,0.1,0.4,5,[100.],[0.],[0.]
expected,0.1,0.4,5,[100.],[0.],[0.]
expected,0,0,0,[500.],[3.],[5.]
expected,40,0,0,[500.],[3.],[5.]
